212 352
317 350
341 289
370 279
354 301
185 288
341 380
348 294
214 333
183 373
221 256
170 281
373 234
349 368
356 291
327 319
329 283
336 331
360 325
347 273
187 308
193 287
194 286
182 339
209 277
331 364
179 215
169 341
343 259
181 388
203 309
349 329
341 325
321 322
370 306
322 348
324 345
183 281
363 312
318 298
386 295
144 353
345 297
172 268
350 357
120 325
335 325
384 346
338 303
170 310
361 298
187 335
158 329
178 325
156 340
191 261
341 297
140 325
358 276
202 184
378 343
317 351
367 318
340 279
167 320
322 322
199 242
185 362
310 274
156 335
188 315
335 242
176 353
307 269
290 292
190 333
368 303
210 345
356 310
159 382
171 292
146 391
340 311
177 369
348 324
174 327
158 374
194 284
176 245
338 405
196 312
210 274
188 292
185 311
220 296
205 308
341 360
158 330
324 353
350 262
